 61 
 54 
 22 
 40 
 50 
 62 
 60 
 48 
 55 
 12 
 36 
 27 
 33 
 36 
 39 
 26 
 34 
 22 
 35 
 33 
 33 
 39 
 46 
 54 
 55 
 52 
 57 
 54 
 47 
 63 
 54 
 44 
 47 
 19 
 47 
 57 
 53 
 41 
 40 
 16 
 41 
 36 
 43 
 47 
 52 
 14 
 33 
 33 
 39 
 56 
 50 
 58 
 54 
 61 
 56 
 56 
 54 
 55 
 62 
 22 
 40 
 50 
 62 
 60 
 48 
 55 
 45 
 41 
 49 
 62 
 56 
 49 
 12 
 54 
 54 
 54 
 67 
 39 
 49 
 36 
 27 
 33 
 36 
 39 
 26 
 34 
 22 
 31 
 35 
 40 
 35 
 33 
 35 
 32 
 37 
 31 
 42 
 26 
 33 
 33 
 39 
 46 
 54 
 55 
 52 
 62 
 51 
 51 
 59 
 60 
 56 
 57 
 22 
 24 
 57 
 54 
 47 
 63 
 54 
 44 
 47 
 19 
 47 
 57 
 53 
 55 
 51 
 57 
 33 
 41 
 40 
 16 
 41 
 36 
 43 
 47 
 52 
 14 
